1708975162821 0.5669565200805664 0
1708975165217 0.5863767862319946 1
1708975167813 0.5904347896575928 2
1708975170225 0.5873913168907166 3
1708975172767 0.5960869789123535 4
1708975175323 0.6013043522834778 5
1708975177857 0.6024637818336487 6
1708975180533 0.6005797386169434 7
1708975183152 0.5995652079582214 8
1708975185642 0.6028985381126404 9
1708975188017 0.6176811456680298 10
1708975190512 0.6186956763267517 11
1708975192938 0.5942028760910034 12
1708975195687 0.602173924446106 13
1708975198096 0.5889855027198792 14
1708975200646 0.6037681102752686 15
1708975203080 0.593623161315918 16
1708975205572 0.5959420204162598 17
1708975208217 0.5862318873405457 18
1708975210857 0.5931884050369263 19
1708975213279 0.5939130187034607 20
1708975215817 0.5923188328742981 21
1708975218469 0.5904347896575928 22
1708975220886 0.5921739339828491 23
1708975223356 0.5784057974815369 24
1708975225754 0.596666693687439 25
1708975228205 0.5898550748825073 26
1708975230520 0.6115942001342773 27
1708975232901 0.5979710221290588 28
1708975235332 0.5939130187034607 29
1708975237892 0.6017391085624695 30
1708975240313 0.6157971024513245 31
1708975242805 0.5914492607116699 32
1708975245623 0.6157971024513245 33
1708975248120 0.6118840575218201 34
1708975250598 0.5973913073539734 35
1708975252984 0.6094202995300293 36
1708975255504 0.5963768362998962 37
1708975257999 0.6049275398254395 38
1708975260383 0.5928985476493835 39
1708975262859 0.629275381565094 40
1708975265465 0.6101449131965637 41
1708975267864 0.59014493227005 42
1708975270319 0.607681155204773 43
1708975272892 0.6073912978172302 44
1708975275372 0.6256521940231323 45
1708975277870 0.6142029166221619 46
1708975280514 0.6118840575218201 47
1708975282948 0.6014492511749268 48
1708975285517 0.6230434775352478 49
1708975288149 0.609855055809021 50
1708975290830 0.6073912978172302 51
1708975293379 0.6147826313972473 52
1708975295949 0.6252173781394958 53
1708975298385 0.6342028975486755 54
1708975300793 0.6214492917060852 55
1708975303208 0.590289831161499 56
1708975305686 0.604202926158905 57
1708975308198 0.6237680912017822 58
1708975310703 0.6123188138008118 59
1708975313296 0.6266666650772095 60
1708975316099 0.6256521940231323 61
1708975318806 0.6278260946273804 62
1708975321783 0.6002898812294006 63
1708975324244 0.6217391490936279 64
1708975326702 0.6357970833778381 65
1708975329145 0.6176811456680298 66
1708975331538 0.6194202899932861 67
1708975333959 0.6408695578575134 68
1708975336351 0.6200000047683716 69
1708975338819 0.612028956413269 70
1708975341279 0.6139130592346191 71
1708975343854 0.629420280456543 72
1708975346293 0.6420289874076843 73
1708975348714 0.5978260636329651 74
1708975351266 0.6082608699798584 75
1708975354014 0.6278260946273804 76
1708975356452 0.6289855241775513 77
1708975358917 0.6181159615516663 78
1708975361449 0.6105797290802002 79
1708975363859 0.6318840384483337 80
1708975366290 0.6155072450637817 81
1708975369453 0.6444927453994751 82
1708975371932 0.6146376729011536 83
1708975374406 0.6405797004699707 84
1708975376862 0.620724618434906 85
1708975379180 0.6328985691070557 86
1708975381668 0.6204347610473633 87
1708975384019 0.6398550868034363 88
1708975386455 0.6163768172264099 89
1708975388960 0.6059420108795166 90
1708975391349 0.6088405847549438 91
1708975393703 0.6191304326057434 92
1708975396186 0.6440579891204834 93
1708975398598 0.6378260850906372 94
1708975401161 0.618405818939209 95
1708975403556 0.6433333158493042 96
1708975405853 0.6339130401611328 97
1708975408311 0.6214492917060852 98
1708975410756 0.6450724601745605 99
1708975413172 0.6324637532234192 100
1708975415603 0.6266666650772095 101
1708975418047 0.6202898621559143 102
1708975420368 0.6394202709197998 103
1708975422842 0.6385506987571716 104
1708975425256 0.6411594152450562 105
1708975427743 0.636956512928009 106
1708975430245 0.640289843082428 107
1708975432732 0.6237680912017822 108
1708975435255 0.6327536106109619 109
1708975437703 0.6288405656814575 110
1708975440237 0.6215941905975342 111
1708975442687 0.6188405752182007 112
1708975445111 0.6321738958358765 113
1708975447495 0.6256521940231323 114
1708975450018 0.6365217566490173 115
1708975452528 0.6399999856948853 116
1708975454940 0.6404348015785217 117
1708975457486 0.6502898335456848 118
1708975459868 0.6444927453994751 119
1708975462284 0.6420289874076843 120
1708975464659 0.6327536106109619 121
1708975467111 0.6385506987571716 122
1708975469522 0.6226087212562561 123
1708975471965 0.6326087117195129 124
1708975474420 0.6375362277030945 125
1708975476798 0.6299999952316284 126
1708975479350 0.631594181060791 127
1708975481728 0.6198550462722778 128
1708975484065 0.6508695483207703 129
1708975486428 0.6537681221961975 130
1708975488851 0.6431884169578552 131
1708975491285 0.6489855051040649 132
1708975493670 0.6428985595703125 133
1708975496018 0.6498550772666931 134
1708975498544 0.6427536010742188 135
1708975500966 0.6399999856948853 136
1708975503366 0.6346376538276672 137
1708975505768 0.6497101187705994 138
1708975508150 0.6365217566490173 139
1708975510798 0.6398550868034363 140
1708975513332 0.6318840384483337 141
1708975516765 0.6318840384483337 142
1708975520551 0.661884069442749 143
1708975522947 0.6579710245132446 144
1708975525371 0.6443478465080261 145
1708975527768 0.6394202709197998 146
1708975530243 0.6466666460037231 147
1708975532736 0.6476811766624451 148
1708975535541 0.6433333158493042 149
1708975538232 0.6589854955673218 150
1708975540811 0.6237680912017822 151
1708975543623 0.6568115949630737 152
1708975546530 0.6491304636001587 153
1708975549140 0.6589854955673218 154
1708975551640 0.6430434584617615 155
1708975554046 0.6471014618873596 156
1708975556717 0.6600000262260437 157
1708975559169 0.6555072665214539 158
1708975561662 0.642318844795227 159
1708975564168 0.6508695483207703 160
1708975566676 0.6626086831092834 161
1708975569027 0.6356521844863892 162
1708975571514 0.6605796813964844 163
1708975573967 0.6534782648086548 164
1708975576414 0.6613043546676636 165
1708975578878 0.6692753434181213 166
1708975581350 0.6471014618873596 167
1708975583721 0.6524637937545776 168
1708975586001 0.6559420228004456 169
1708975588486 0.658695638179779 170
1708975590988 0.6381159424781799 171
1708975593382 0.6385506987571716 172
1708975595826 0.6604347825050354 173
1708975598383 0.6437681317329407 174
1708975600838 0.65985506772995 175
1708975603385 0.6581159234046936 176
1708975605910 0.6395652294158936 177
1708975608312 0.6531884074211121 178
1708975610826 0.6449275612831116 179
1708975613255 0.658695638179779 180
1708975615606 0.6443478465080261 181
1708975617902 0.6659420132637024 182
1708975620407 0.6634782552719116 183
1708975622928 0.6523188352584839 184
1708975625367 0.6573913097381592 185
1708975627893 0.6600000262260437 186
1708975630334 0.6614492535591125 187
1708975632816 0.6523188352584839 188
1708975635440 0.6614492535591125 189
1708975637937 0.6588405966758728 190
1708975640423 0.6421738862991333 191
1708975642913 0.6653622984886169 192
1708975645476 0.6469565033912659 193
1708975647937 0.648840606212616 194
1708975650496 0.6540579795837402 195
1708975652985 0.6634782552719116 196
1708975655476 0.6542028784751892 197
1708975657962 0.6310144662857056 198
1708975660293 0.6471014618873596 199
1708975662616 0.6527536511421204 200
1708975665057 0.6368116140365601 201
1708975667509 0.6550724506378174 202
1708975670089 0.6576811671257019 203
1708975672471 0.6653622984886169 204
1708975674898 0.6585507392883301 205
1708975677254 0.6682608723640442 206
1708975679659 0.6585507392883301 207
1708975682009 0.6617391109466553 208
1708975684324 0.6469565033912659 209
1708975686602 0.6497101187705994 210
1708975688923 0.656521737575531 211
1708975691306 0.653333306312561 212
1708975693756 0.6549275517463684 213
1708975696200 0.6686956286430359 214
1708975698726 0.6601449251174927 215
1708975701276 0.6636232137680054 216
1708975703674 0.6537681221961975 217
1708975706040 0.6468116044998169 218
1708975708522 0.65985506772995 219
1708975711038 0.6710144877433777 220
1708975713530 0.667246401309967 221
1708975715907 0.6607246398925781 222
1708975718356 0.659710168838501 223
1708975720882 0.6611593961715698 224
1708975723348 0.6389855146408081 225
1708975725763 0.6708695888519287 226
1708975728226 0.656376838684082 227
1708975730803 0.6694203019142151 228
1708975733308 0.6520289778709412 229
1708975735828 0.6463767886161804 230
1708975738243 0.6444927453994751 231
1708975740791 0.6389855146408081 232
1708975743340 0.6581159234046936 233
1708975745923 0.651159405708313 234
1708975748364 0.6305797100067139 235
1708975750765 0.6765217185020447 236
1708975753231 0.6685507297515869 237
1708975755547 0.6653622984886169 238
1708975757992 0.6647825837135315 239
1708975760442 0.6717391014099121 240
1708975763012 0.6556521654129028 241
1708975765496 0.6582608819007874 242
1708975768047 0.6666666865348816 243
1708975770595 0.6537681221961975 244
1708975773063 0.6472463607788086 245
1708975775502 0.6636232137680054 246
1708975777976 0.6313043236732483 247
1708975780444 0.6504347920417786 248
1708975782840 0.6513043642044067 249
1708975785297 0.6559420228004456 250
1708975787747 0.6688405871391296 251
1708975790169 0.6778261065483093 252
1708975792652 0.6662318706512451 253
1708975795129 0.656376838684082 254
1708975797625 0.6482608914375305 255
1708975799953 0.6494202613830566 256
1708975802350 0.6649275422096252 257
1708975804830 0.6695652008056641 258
1708975807197 0.6589854955673218 259
1708975809594 0.6663768291473389 260
1708975811974 0.6746376752853394 261
1708975814638 0.6600000262260437 262
1708975817158 0.6505796909332275 263
1708975820681 0.6611593961715698 264
1708975824735 0.6650724411010742 265
1708975827049 0.6579710245132446 266
1708975829448 0.6653622984886169 267
1708975831842 0.6630434989929199 268
1708975834326 0.6607246398925781 269
1708975836695 0.6679710149765015 270
1708975839118 0.6560869812965393 271
1708975841551 0.6702898740768433 272
1708975844074 0.6436231732368469 273
1708975846391 0.670724630355835 274
1708975848750 0.6526086926460266 275
1708975851184 0.672753632068634 276
1708975853625 0.6576811671257019 277
1708975856073 0.6601449251174927 278
1708975858527 0.6718840599060059 279
1708975860893 0.6482608914375305 280
1708975863217 0.6718840599060059 281
1708975865587 0.6571014523506165 282
1708975868111 0.6657971143722534 283
1708975870434 0.6515942215919495 284
1708975872873 0.6460869312286377 285
1708975875380 0.6613043546676636 286
1708975877826 0.6617391109466553 287
1708975880313 0.658695638179779 288
1708975882773 0.6557971239089966 289
1708975885148 0.6679710149765015 290
1708975887451 0.672753632068634 291
1708975889873 0.6630434989929199 292
1708975892471 0.6675362586975098 293
1708975894893 0.6442028880119324 294
1708975897458 0.6702898740768433 295
1708975899924 0.656521737575531 296
1708975902364 0.6584057807922363 297
1708975904948 0.6475362181663513 298
1708975907496 0.670579731464386 299
1708975910046 0.6644927263259888 300
1708975912471 0.6805797219276428 301
1708975915040 0.6279709935188293 302
1708975917411 0.6520289778709412 303
1708975919812 0.6743478178977966 304
1708975923282 0.6784058213233948 305
1708975925782 0.6694203019142151 306
1708975928169 0.6585507392883301 307
1708975930819 0.6826087236404419 308
1708975933506 0.6702898740768433 309
1708975936000 0.6560869812965393 310
1708975938526 0.6676811575889587 311
1708975941020 0.6428985595703125 312
1708975943629 0.6628985404968262 313
1708975946055 0.6610144972801208 314
1708975948510 0.6504347920417786 315
1708975950986 0.6489855051040649 316
1708975953332 0.6750724911689758 317
1708975955726 0.6646376848220825 318
1708975958188 0.6542028784751892 319
1708975960763 0.6591304540634155 320
1708975963232 0.6420289874076843 321
1708975965671 0.6668115854263306 322
1708975968102 0.6685507297515869 323
1708975970448 0.6665217280387878 324
1708975972813 0.6711594462394714 325
1708975975119 0.6691304445266724 326
1708975977438 0.6562318801879883 327
1708975979739 0.6631883978843689 328
1708975982141 0.6449275612831116 329
1708975984506 0.6723188161849976 330
1708975986824 0.6721739172935486 331
1708975989155 0.6689854860305786 332
1708975991538 0.6710144877433777 333
1708975993885 0.6600000262260437 334
1708975996240 0.6540579795837402 335
1708975998579 0.6452174186706543 336
1708976000887 0.6779710054397583 337
1708976003228 0.6499999761581421 338
1708976005544 0.6736232042312622 339
1708976007845 0.6808695793151855 340
1708976010191 0.6660869717597961 341
1708976012548 0.6763768196105957 342
1708976014835 0.6389855146408081 343
1708976017141 0.6743478178977966 344
1708976019449 0.6671014428138733 345
1708976021746 0.6744927763938904 346
1708976024091 0.6691304445266724 347
1708976026398 0.6360869407653809 348
1708976028738 0.6627536416053772 349
1708976031064 0.6644927263259888 350
1708976033404 0.670579731464386 351
1708976035696 0.6504347920417786 352
1708976037996 0.6739130616188049 353
1708976040395 0.6714493036270142 354
1708976042755 0.6659420132637024 355
1708976045132 0.6833333373069763 356
1708976047642 0.6681159138679504 357
1708976050059 0.636956512928009 358
1708976052598 0.6759420037269592 359
1708976055154 0.6702898740768433 360
1708976057760 0.6560869812965393 361
1708976060316 0.6521739363670349 362
1708976062745 0.6668115854263306 363
1708976065111 0.6798550486564636 364
1708976067474 0.6589854955673218 365
1708976069837 0.664202868938446 366
1708976072196 0.6759420037269592 367
1708976074570 0.6671014428138733 368
1708976077044 0.6639130711555481 369
1708976079577 0.6662318706512451 370
1708976082067 0.6639130711555481 371
1708976084509 0.670724630355835 372
1708976086995 0.6595652103424072 373
1708976089386 0.6697101593017578 374
1708976091780 0.6643478274345398 375
1708976094266 0.6560869812965393 376
1708976096760 0.6600000262260437 377
1708976099342 0.6647825837135315 378
1708976101737 0.6711594462394714 379
1708976104237 0.6665217280387878 380
1708976106729 0.6600000262260437 381
1708976109300 0.6498550772666931 382
1708976111722 0.6681159138679504 383
1708976114244 0.6682608723640442 384
1708976116754 0.6594203114509583 385
1708976119137 0.6824637651443481 386
1708976121509 0.667246401309967 387
1708976124094 0.6655072569847107 388
1708976126652 0.6805797219276428 389
1708976129194 0.6560869812965393 390
1708976131604 0.672898530960083 391
1708976134060 0.6630434989929199 392
1708976136450 0.6684057712554932 393
1708976138839 0.6852173805236816 394
1708976141259 0.6513043642044067 395
1708976143710 0.6650724411010742 396
1708976146283 0.6566666960716248 397
1708976148970 0.667391300201416 398
1708976151558 0.6743478178977966 399
1708976154048 0.6507246494293213 400
1708976156500 0.6578260660171509 401
1708976158897 0.6660869717597961 402
1708976161283 0.6704347729682922 403
1708976163612 0.6518840789794922 404
1708976166099 0.6778261065483093 405
1708976168611 0.6539130210876465 406
1708976171027 0.686956524848938 407
1708976173445 0.6604347825050354 408
1708976175855 0.6611593961715698 409
1708976178384 0.6646376848220825 410
1708976180982 0.6740579605102539 411
1708976183447 0.6407246589660645 412
1708976185944 0.6813043355941772 413
1708976188490 0.6615942120552063 414
1708976190897 0.6636232137680054 415
1708976193276 0.6755072474479675 416
1708976195683 0.6849275231361389 417
1708976198096 0.6621739268302917 418
1708976200464 0.6575362086296082 419
1708976202895 0.6710144877433777 420
1708976205304 0.6566666960716248 421
1708976207744 0.6568115949630737 422
1708976210180 0.6773912906646729 423
1708976212542 0.6708695888519287 424
1708976214989 0.65985506772995 425
1708976217473 0.6584057807922363 426
1708976219965 0.6813043355941772 427
1708976222384 0.6462318897247314 428
1708976225029 0.676086962223053 429
1708976227508 0.6752173900604248 430
1708976230225 0.6502898335456848 431
1708976234871 0.6460869312286377 432
1708976240890 0.6801449060440063 433
1708976246740 0.6517391204833984 434
1708976253117 0.6784058213233948 435
1708976258276 0.6714493036270142 436
1708976261018 0.6826087236404419 437
1708976263373 0.6531884074211121 438
1708976267158 0.6692753434181213 439
1708976269511 0.6656521558761597 440
1708976271875 0.6795651912689209 441
1708976274205 0.6550724506378174 442
1708976276549 0.6617391109466553 443
1708976278886 0.6357970833778381 444
1708976281267 0.6676811575889587 445
1708976283614 0.6614492535591125 446
1708976285945 0.6753623485565186 447
1708976288376 0.6731883883476257 448
1708976290807 0.6644927263259888 449
1708976293295 0.6669565439224243 450
1708976295743 0.6559420228004456 451
1708976298223 0.6676811575889587 452
1708976300638 0.6778261065483093 453
1708976303131 0.656521737575531 454
1708976305581 0.6676811575889587 455
1708976307945 0.676231861114502 456
1708976310418 0.6571014523506165 457
1708976312977 0.6520289778709412 458
1708976315444 0.6653622984886169 459
1708976318207 0.6630434989929199 460
1708976320721 0.6802898645401001 461
1708976323107 0.6605796813964844 462
1708976325536 0.6692753434181213 463
1708976328120 0.670579731464386 464
1708976330624 0.6630434989929199 465
1708976333097 0.6501449346542358 466
1708976335551 0.6669565439224243 467
1708976337845 0.6666666865348816 468
1708976340287 0.6572463512420654 469
1708976342760 0.6737681031227112 470
1708976345256 0.6508695483207703 471
1708976347778 0.6611593961715698 472
1708976350233 0.6695652008056641 473
1708976352824 0.6656521558761597 474
1708976355273 0.6450724601745605 475
1708976357662 0.6713043451309204 476
1708976360022 0.6798550486564636 477
1708976362362 0.6631883978843689 478
1708976364765 0.6605796813964844 479
1708976367212 0.6659420132637024 480
1708976369648 0.6759420037269592 481
1708976371979 0.6795651912689209 482
1708976374317 0.6821739077568054 483
1708976376612 0.6592753529548645 484
1708976378930 0.6508695483207703 485
1708976381246 0.6839130520820618 486
1708976383598 0.645507276058197 487
1708976385905 0.6730434894561768 488
1708976388236 0.6731883883476257 489
1708976390552 0.6675362586975098 490
1708976392875 0.6526086926460266 491
1708976395173 0.6539130210876465 492
1708976397475 0.6746376752853394 493
1708976399787 0.6679710149765015 494
1708976402122 0.6843478083610535 495
1708976404458 0.6721739172935486 496
1708976406761 0.6676811575889587 497
1708976409073 0.6685507297515869 498
1708976411380 0.6568115949630737 499
1708976419503 0.5219589471817017 0
1708976421821 0.561398446559906 1
1708976424185 0.5665992498397827 2
1708976426572 0.5693441033363342 3
1708976428934 0.5797457098960876 4
1708976431286 0.5595203638076782 5
1708976433665 0.5661658644676208 6
1708976436002 0.5811904072761536 7
1708976438344 0.5793123245239258 8
1708976440723 0.5757006406784058 9
1708976443071 0.581768274307251 10
1708976445419 0.5803235769271851 11
1708976447773 0.5930367112159729 12
1708976450123 0.5791678428649902 13
1708976452452 0.578445553779602 14
1708976454796 0.5869690775871277 15
1708976457157 0.5878359079360962 16
1708976459544 0.581045925617218 17
1708976462042 0.5809014439582825 18
1708976464553 0.5895695090293884 19
1708976466990 0.5783010721206665 20
1708976469346 0.5807570219039917 21
1708976471727 0.5716555714607239 22
1708976474137 0.59592604637146 23
1708976476504 0.5926032662391663 24
1708976478882 0.5845131278038025 25
1708976481241 0.594481348991394 26
1708976483629 0.5775787234306335 27
1708976485980 0.5807570219039917 28
1708976488348 0.5726668834686279 29
1708976490690 0.5718000531196594 30
1708976493056 0.5894250273704529 31
1708976495420 0.5745449066162109 32
1708976497795 0.5749783515930176 33
1708976500168 0.5872580409049988 34
1708976502523 0.5819127559661865 35
1708976504952 0.5811904072761536 36
1708976507333 0.5744004845619202 37
1708976509692 0.571222186088562 38
1708976512042 0.5690551996231079 39
1708976514403 0.5728113055229187 40
1708976516769 0.5798901915550232 41
1708976519125 0.5611094832420349 42
1708976521552 0.5806125402450562 43
1708976524023 0.5697775483131409 44
1708976526358 0.5745449066162109 45
1708976528753 0.5667437314987183 46
1708976531089 0.5849465727806091 47
1708976533480 0.5538861751556396 48
1708976535855 0.5605316162109375 49
1708976538229 0.571944534778595 50
1708976540573 0.5599537491798401 51
1708976542971 0.561398446559906 52
1708976545360 0.5660213828086853 53
1708976547715 0.5793123245239258 54
1708976550062 0.5863912105560303 55
1708976552456 0.5764229893684387 56
1708976554953 0.5664547681808472 57
1708976557402 0.5707888007164001 58
1708976559756 0.566888153553009 59
1708976562254 0.5543195605278015 60
1708976564759 0.5605316162109375 61
1708976567229 0.5556197762489319 62
1708976569625 0.5611094832420349 63
1708976571965 0.5573533773422241 64
1708976574461 0.5902917981147766 65
1708976576933 0.5703554153442383 66
1708976579327 0.5574978590011597 67
1708976581679 0.574833869934082 68
1708976584018 0.5745449066162109 69
1708976586348 0.5742560029029846 70
1708976588648 0.5626986622810364 71
1708976591010 0.5599537491798401 72
1708976593341 0.5629875659942627 73
1708976595673 0.5504189729690552 74
1708976598001 0.5697775483131409 75
1708976600319 0.5687662363052368 76
1708976602654 0.5507078766822815 77
1708976604985 0.5615429282188416 78
1708976607318 0.5530193448066711 79
1708976609632 0.557786762714386 80
1708976611939 0.563998818397522 81
1708976614273 0.5637099146842957 82
1708976616614 0.5560531616210938 83
1708976618960 0.5466628074645996 84
1708976621266 0.568332850933075 85
1708976623625 0.5600982308387756 86
1708976625961 0.5573533773422241 87
1708976628282 0.5693441033363342 88
1708976630613 0.565010130405426 89
1708976632942 0.5632765293121338 90
1708976635282 0.5567755103111267 91
1708976637606 0.5635654330253601 92
1708976639964 0.5642877817153931 93
1708976642343 0.5631320476531982 94
1708976644670 0.5566310286521912 95
1708976646994 0.5459404587745667 96
1708976649319 0.5663102865219116 97
1708976651637 0.5559086799621582 98
1708976653971 0.5900028944015503 99
1708976656292 0.5590869784355164 100
1708976658608 0.5605316162109375 101
1708976660919 0.5752672553062439 102
1708976663244 0.5609650611877441 103
1708976665582 0.5569199919700623 104
1708976667919 0.5593758821487427 105
1708976670288 0.5777232050895691 106
1708976672596 0.5674660205841064 107
1708976674915 0.5703554153442383 108
1708976677236 0.5765674710273743 109
1708976679566 0.5663102865219116 110
1708976681888 0.571222186088562 111
1708976684220 0.5715111494064331 112
1708976686554 0.5765674710273743 113
1708976688870 0.5783010721206665 114
1708976691202 0.5814793705940247 115
1708976693533 0.5754117369651794 116
1708976695862 0.5625541806221008 117
1708976698182 0.5762785077095032 118
1708976700565 0.5791678428649902 119
1708976702947 0.587980329990387 120
1708976705273 0.5836463570594788 121
1708976707591 0.5728113055229187 122
1708976710044 0.5874024629592896 123
1708976712312 0.5710777044296265 124
1708976714542 0.5592314600944519 125
1708976716754 0.5874024629592896 126
1708976718974 0.5681883692741394 127
1708976721191 0.5904362797737122 128
1708976723425 0.5673215985298157 129
1708976725652 0.5582201480865479 130
1708976727911 0.5819127559661865 131
1708976730160 0.5731002688407898 132
1708976732374 0.5837908387184143 133
1708976734591 0.5849465727806091 134
1708976736802 0.5764229893684387 135
1708976739020 0.5709332823753357 136
1708976741226 0.568332850933075 137
1708976743507 0.571222186088562 138
1708976745726 0.5752672553062439 139
1708976747952 0.586102306842804 140
1708976750158 0.5816237926483154 141
1708976752372 0.6012713313102722 142
1708976754588 0.5836463570594788 143
1708976756807 0.5731002688407898 144
1708976759019 0.5771453380584717 145
1708976761231 0.5764229893684387 146
1708976763448 0.5702109336853027 147
1708976765673 0.5738226175308228 148
1708976767887 0.5715111494064331 149
1708976770624 0.5891360640525818 150
1708976773107 0.590869665145874 151
1708976775479 0.5758451223373413 152
1708976777802 0.5816237926483154 153
1708976780122 0.568621814250946 154
1708976782448 0.5758451223373413 155
1708976784791 0.5900028944015503 156
1708976787123 0.5739670395851135 157
1708976789453 0.5746893882751465 158
1708976791783 0.5836463570594788 159
1708976794113 0.5855244398117065 160
1708976796426 0.5770008563995361 161
1708976798758 0.5681883692741394 162
1708976801093 0.5827795267105103 163
1708976803454 0.571222186088562 164
1708976805779 0.5759896039962769 165
1708976808106 0.5816237926483154 166
1708976810437 0.5660213828086853 167
1708976812755 0.5970817804336548 168
1708976815076 0.5878359079360962 169
1708976817401 0.5778676867485046 170
1708976819743 0.5723779201507568 171
1708976822096 0.5982375144958496 172
1708976824411 0.5778676867485046 173
1708976826727 0.5845131278038025 174
1708976829055 0.5801791548728943 175
1708976831374 0.5850909948348999 176
1708976833724 0.577434241771698 177
1708976836038 0.5796012878417969 178
1708976838371 0.5745449066162109 179
1708976840699 0.5910141468048096 180
1708976843018 0.581768274307251 181
1708976845362 0.5741115212440491 182
1708976847679 0.5764229893684387 183
1708976850002 0.5791678428649902 184
1708976852308 0.567610502243042 185
1708976854624 0.5605316162109375 186
1708976856933 0.5816237926483154 187
1708976859251 0.5824906229972839 188
1708976861554 0.5616873502731323 189
1708976863904 0.5830684900283813 190
1708976866225 0.5816237926483154 191
1708976868531 0.5797457098960876 192
1708976870855 0.5965039134025574 193
1708976873171 0.5770008563995361 194
1708976875490 0.5723779201507568 195
1708976877792 0.5989598631858826 196
1708976880104 0.5751227736473083 197
1708976882438 0.5917364954948425 198
1708976884794 0.602138102054596 199
1708976887116 0.5806125402450562 200
1708976889450 0.5722334384918213 201
1708976891757 0.5745449066162109 202
1708976894146 0.5752672553062439 203
1708976896516 0.5723779201507568 204
1708976898862 0.5824906229972839 205
1708976901191 0.5785899758338928 206
1708976903576 0.5735336542129517 207
1708976905833 0.5803235769271851 208
1708976908047 0.5632765293121338 209
1708976910245 0.5811904072761536 210
1708976912444 0.5702109336853027 211
1708976914648 0.5693441033363342 212
1708976916908 0.5943368673324585 213
1708976919115 0.5902917981147766 214
1708976921338 0.578445553779602 215
1708976923539 0.5822016596794128 216
1708976925748 0.6037272214889526 217
1708976927957 0.5930367112159729 218
1708976930166 0.5842242240905762 219
1708976932364 0.5926032662391663 220
1708976934563 0.5751227736473083 221
1708976936781 0.5939034819602966 222
1708976938990 0.591592013835907 223
1708976941183 0.5754117369651794 224
1708976943380 0.5902917981147766 225
1708976945621 0.5956370830535889 226
1708976947839 0.5765674710273743 227
1708976950048 0.5684773325920105 228
1708976952279 0.5862467288970947 229
1708976954505 0.5830684900283813 230
1708976956710 0.5700664520263672 231
1708976958922 0.5759896039962769 232
1708976961118 0.5830684900283813 233
1708976963320 0.5884137749671936 234
1708976965526 0.5629875659942627 235
1708976967724 0.5863912105560303 236
1708976969929 0.5762785077095032 237
1708976972129 0.5744004845619202 238
1708976974335 0.5970817804336548 239
1708976976582 0.5930367112159729 240
1708976978786 0.578445553779602 241
1708976980989 0.5644322633743286 242
1708976983180 0.5930367112159729 243
1708976985411 0.5837908387184143 244
1708976987607 0.5797457098960876 245
1708976989814 0.5872580409049988 246
1708976992006 0.590869665145874 247
1708976994209 0.5904362797737122 248
1708976996407 0.5855244398117065 249
1708976998611 0.5949147939682007 250
1708977000811 0.5758451223373413 251
1708977003016 0.5681883692741394 252
1708977005255 0.5832129716873169 253
1708977007447 0.5927477478981018 254
1708977009642 0.575556218624115 255
1708977011839 0.5752672553062439 256
1708977014055 0.5992487668991089 257
1708977016248 0.5891360640525818 258
1708977018447 0.5888471603393555 259
1708977020650 0.5921698808670044 260
1708977022868 0.5934700965881348 261
1708977025072 0.5914475321769714 262
1708977027270 0.5830684900283813 263
1708977029472 0.5689107179641724 264
1708977031675 0.588991641998291 265
1708977033887 0.5845131278038025 266
1708977036322 0.5936145782470703 267
1708977038559 0.584657609462738 268
1708977040751 0.5746893882751465 269
1708977042943 0.5793123245239258 270
1708977045139 0.5836463570594788 271
1708977047330 0.5723779201507568 272
1708977049536 0.5895695090293884 273
1708977051738 0.5742560029029846 274
1708977053931 0.585379958152771 275
1708977056123 0.5764229893684387 276
1708977058308 0.6008378863334656 277
1708977060519 0.5732447504997253 278
1708977062727 0.590869665145874 279
1708977064938 0.5800346732139587 280
1708977067143 0.5823461413383484 281
1708977069343 0.5933256149291992 282
1708977071555 0.5998266339302063 283
1708977073776 0.5875469446182251 284
1708977075974 0.5696330666542053 285
1708977078168 0.5904362797737122 286
1708977080357 0.5891360640525818 287
1708977082554 0.5947703123092651 288
1708977084760 0.5866801738739014 289
1708977086952 0.5754117369651794 290
1708977089145 0.5926032662391663 291
1708977091355 0.5856688618659973 292
1708977093551 0.587980329990387 293
1708977095790 0.5829240083694458 294
1708977097997 0.5804680585861206 295
1708977100188 0.5728113055229187 296
1708977102396 0.5788789391517639 297
1708977104595 0.5663102865219116 298
1708977106800 0.5898584127426147 299
1708977108999 0.5965039134025574 300
1708977111193 0.5901473760604858 301
1708977113447 0.5738226175308228 302
1708977115640 0.594481348991394 303
1708977117826 0.5796012878417969 304
1708977120023 0.5904362797737122 305
1708977122218 0.5930367112159729 306
1708977124411 0.5962149500846863 307
1708977126606 0.598815381526947 308
1708977128799 0.5665992498397827 309
1708977131010 0.5796012878417969 310
1708977133217 0.581045925617218 311
1708977135434 0.5875469446182251 312
1708977137624 0.5866801738739014 313
1708977139825 0.609361469745636 314
1708977142035 0.571944534778595 315
1708977144269 0.584657609462738 316
1708977146467 0.5752672553062439 317
1708977148668 0.5600982308387756 318
1708977150863 0.5902917981147766 319
1708977153065 0.5892805457115173 320
1708977155263 0.586102306842804 321
1708977157476 0.5839352607727051 322
1708977159680 0.5996821522712708 323
1708977161889 0.6008378863334656 324
1708977164087 0.5813348889350891 325
1708977166284 0.5801791548728943 326
1708977168487 0.5888471603393555 327
1708977170677 0.5882692933082581 328
1708977172905 0.581045925617218 329
1708977175115 0.581768274307251 330
1708977177320 0.5813348889350891 331
1708977179523 0.5827795267105103 332
1708977181733 0.5928922295570374 333
1708977183929 0.5865356922149658 334
1708977186117 0.5796012878417969 335
1708977188322 0.5956370830535889 336
1708977190521 0.5762785077095032 337
1708977192721 0.5913031101226807 338
1708977194923 0.594481348991394 339
1708977197122 0.5754117369651794 340
1708977199328 0.587980329990387 341
1708977201527 0.5939034819602966 342
1708977203765 0.5884137749671936 343
1708977205969 0.5801791548728943 344
1708977208164 0.5783010721206665 345
1708977210353 0.5772898197174072 346
1708977212559 0.5892805457115173 347
1708977214780 0.5904362797737122 348
1708977216979 0.5865356922149658 349
1708977219242 0.5960705280303955 350
1708977221440 0.5920253992080688 351
1708977223636 0.5894250273704529 352
1708977225828 0.5811904072761536 353
1708977228030 0.5816237926483154 354
1708977230249 0.5905807614326477 355
1708977232456 0.5697775483131409 356
1708977234680 0.5926032662391663 357
1708977236876 0.5918809771537781 358
1708977239074 0.5842242240905762 359
1708977241287 0.5991042852401733 360
1708977243475 0.5775787234306335 361
1708977245671 0.5967928171157837 362
1708977247867 0.5836463570594788 363
1708977250101 0.5856688618659973 364
1708977252309 0.5901473760604858 365
1708977254545 0.5823461413383484 366
1708977256738 0.5881248116493225 367
1708977258937 0.5780121088027954 368
1708977261126 0.6102282404899597 369
1708977263321 0.5833573937416077 370
1708977265523 0.5991042852401733 371
1708977267706 0.6006934642791748 372
1708977269899 0.602427065372467 373
1708977272092 0.5930367112159729 374
1708977274276 0.5852354764938354 375
1708977276464 0.5824906229972839 376
1708977278686 0.6069055199623108 377
1708977280887 0.5862467288970947 378
1708977283078 0.5827795267105103 379
1708977285260 0.5878359079360962 380
1708977287472 0.5700664520263672 381
1708977289669 0.5946258306503296 382
1708977291861 0.5957815647125244 383
1708977294057 0.5950592160224915 384
1708977296256 0.5953481793403625 385
1708977298449 0.5855244398117065 386
1708977300643 0.6012713313102722 387
1708977302848 0.5894250273704529 388
1708977305052 0.5914475321769714 389
1708977307274 0.5850909948348999 390
1708977309510 0.581045925617218 391
1708977311733 0.575556218624115 392
1708977313945 0.5822016596794128 393
1708977316138 0.5933256149291992 394
1708977318328 0.5946258306503296 395
1708977320520 0.5898584127426147 396
1708977322729 0.6044495701789856 397
1708977324925 0.6069055199623108 398
1708977327117 0.5615429282188416 399
1708977329318 0.5882692933082581 400
1708977331517 0.5798901915550232 401
1708977333709 0.5963594317436218 402
1708977335911 0.59953773021698 403
1708977338131 0.598815381526947 404
1708977340363 0.5976596474647522 405
1708977342568 0.5837908387184143 406
1708977344814 0.5937590003013611 407
1708977347009 0.5823461413383484 408
1708977349208 0.5678994655609131 409
1708977351397 0.5798901915550232 410
1708977353601 0.5583646297454834 411
1708977355793 0.581768274307251 412
1708977357989 0.5962149500846863 413
1708977360183 0.5913031101226807 414
1708977362390 0.6040161848068237 415
1708977364590 0.5809014439582825 416
1708977366790 0.5752672553062439 417
1708977369020 0.587980329990387 418
1708977371219 0.5806125402450562 419
1708977373431 0.5963594317436218 420
1708977375626 0.5953481793403625 421
1708977377823 0.6105172038078308 422
1708977380016 0.6066165566444397 423
1708977382211 0.6006934642791748 424
1708977384421 0.5972262620925903 425
1708977386624 0.587980329990387 426
1708977388829 0.5875469446182251 427
1708977391050 0.5976596474647522 428
1708977393256 0.5930367112159729 429
1708977395450 0.5796012878417969 430
1708977397643 0.584657609462738 431
1708977399875 0.6011268496513367 432
1708977402072 0.6076278686523438 433
1708977404273 0.588991641998291 434
1708977406472 0.5788789391517639 435
1708977408672 0.5957815647125244 436
1708977410874 0.567610502243042 437
1708977413076 0.5913031101226807 438
1708977415278 0.5852354764938354 439
1708977417492 0.5950592160224915 440
1708977419695 0.5983819961547852 441
1708977421905 0.5957815647125244 442
1708977424156 0.5811904072761536 443
1708977426356 0.5869690775871277 444
1708977428558 0.5892805457115173 445
1708977430749 0.5814793705940247 446
1708977432955 0.5969372987747192 447
1708977435170 0.5888471603393555 448
1708977437369 0.6031493544578552 449
1708977439566 0.5902917981147766 450
1708977441774 0.590869665145874 451
1708977443987 0.5992487668991089 452
1708977446181 0.5930367112159729 453
1708977448384 0.6015602350234985 454
1708977450579 0.5891360640525818 455
1708977452777 0.5923143625259399 456
1708977455002 0.609361469745636 457
1708977457201 0.590869665145874 458
1708977459397 0.5923143625259399 459
1708977461592 0.5969372987747192 460
1708977463789 0.5928922295570374 461
1708977465976 0.5836463570594788 462
1708977468186 0.5872580409049988 463
1708977470385 0.5816237926483154 464
1708977472580 0.5953481793403625 465
1708977474767 0.5917364954948425 466
1708977476969 0.5900028944015503 467
1708977479166 0.5749783515930176 468
1708977481365 0.5901473760604858 469
1708977483591 0.5865356922149658 470
1708977485798 0.6001155972480774 471
1708977488004 0.5933256149291992 472
1708977490200 0.5791678428649902 473
1708977492403 0.5949147939682007 474
1708977494619 0.6077722907066345 475
1708977496816 0.5962149500846863 476
1708977499014 0.6157180070877075 477
1708977501203 0.5856688618659973 478
1708977503410 0.5824906229972839 479
1708977505603 0.6015602350234985 480
1708977507796 0.5778676867485046 481
1708977509990 0.5986708998680115 482
1708977512187 0.5816237926483154 483
1708977514420 0.5924588441848755 484
1708977516616 0.5827795267105103 485
1708977518840 0.585379958152771 486
1708977521037 0.5819127559661865 487
1708977523234 0.6030049324035645 488
1708977525431 0.5871135592460632 489
1708977527629 0.5930367112159729 490
1708977529825 0.6032938361167908 491
1708977532035 0.5985264182090759 492
1708977534227 0.5966483950614929 493
1708977536412 0.5892805457115173 494
1708977538611 0.5900028944015503 495
1708977540800 0.601415753364563 496
1708977542992 0.59953773021698 497
1708977545222 0.5862467288970947 498
1708977547404 0.6066165566444397 499
1708977551327 0.6434563758389262 0
