1708975162821 93.96630096435547 0
1708975165217 19.97707176208496 1
1708975167813 18.132526397705078 2
1708975170225 18.980043411254883 3
1708975172767 15.900603294372559 4
1708975175323 21.320960998535156 5
1708975177857 20.115407943725586 6
1708975180533 20.16901969909668 7
1708975183152 16.662050247192383 8
1708975185642 19.744997024536133 9
1708975188017 17.266075134277344 10
1708975190512 14.951171875 11
1708975192938 24.51292610168457 12
1708975195687 22.249847412109375 13
1708975198096 32.20469665527344 14
1708975200646 26.451326370239258 15
1708975203080 30.324935913085938 16
1708975205572 35.696529388427734 17
1708975208217 29.711984634399414 18
1708975210857 32.25636672973633 19
1708975213279 36.66616439819336 20
1708975215817 38.134979248046875 21
1708975218469 51.9602165222168 22
1708975220886 41.05289840698242 23
1708975223356 49.37470626831055 24
1708975225754 46.465145111083984 25
1708975228205 66.73068237304688 26
1708975230520 36.3089599609375 27
1708975232901 44.28764343261719 28
1708975235332 95.75682830810547 29
1708975237892 42.86583709716797 30
1708975240313 36.69795227050781 31
1708975242805 76.2074966430664 32
1708975245623 43.391273498535156 33
1708975248120 47.15697479248047 34
1708975250598 78.68858337402344 35
1708975252984 56.09083938598633 36
1708975255504 109.12305450439453 37
1708975257999 71.42558288574219 38
1708975260383 114.96965026855469 39
1708975262859 44.24822998046875 40
1708975265465 71.36512756347656 41
1708975267864 147.7606658935547 42
1708975270319 128.15835571289062 43
1708975272892 107.70497131347656 44
1708975275372 53.44036102294922 45
1708975277870 81.50777435302734 46
1708975280514 76.70075988769531 47
1708975282948 99.80458068847656 48
1708975285517 81.20736694335938 49
1708975288149 118.87641143798828 50
1708975290830 98.57166290283203 51
1708975293379 147.4107666015625 52
1708975295949 62.32299041748047 53
1708975298385 51.798099517822266 54
1708975300793 71.7971420288086 55
1708975303208 121.83431243896484 56
1708975305686 105.80912780761719 57
1708975308198 81.30774688720703 58
1708975310703 77.94679260253906 59
1708975313296 81.05097961425781 60
1708975316099 90.25648498535156 61
1708975318806 77.487548828125 62
1708975321783 209.86599731445312 63
1708975324244 103.76848602294922 64
1708975326702 65.1108627319336 65
1708975329145 94.6313705444336 66
1708975331538 116.89115905761719 67
1708975333959 74.14317321777344 68
1708975336351 121.11175537109375 69
1708975338819 104.6753921508789 70
1708975341279 132.07608032226562 71
1708975343854 72.34857177734375 72
1708975346293 73.03952026367188 73
1708975348714 152.95053100585938 74
1708975351266 129.8169708251953 75
1708975354014 80.0374526977539 76
1708975356452 73.58939361572266 77
1708975358917 140.22802734375 78
1708975361449 130.61900329589844 79
1708975363859 86.80182647705078 80
1708975366290 95.7198486328125 81
1708975369453 73.89191436767578 82
1708975371932 116.15205383300781 83
1708975374406 90.24309539794922 84
1708975376862 123.50714111328125 85
1708975379180 79.04283142089844 86
1708975381668 114.56869506835938 87
1708975384019 65.75617218017578 88
1708975386455 208.33888244628906 89
1708975388960 153.74916076660156 90
1708975391349 180.96939086914062 91
1708975393703 125.73783874511719 92
1708975396186 82.85032653808594 93
1708975398598 89.44581604003906 94
1708975401161 102.34647369384766 95
1708975403556 74.62167358398438 96
1708975405853 92.29254150390625 97
1708975408311 143.9907989501953 98
1708975410756 88.4835433959961 99
1708975413172 80.67762756347656 100
1708975415603 100.42501068115234 101
1708975418047 116.64743041992188 102
1708975420368 102.44132995605469 103
1708975422842 88.20618438720703 104
1708975425256 98.14866638183594 105
1708975427743 79.78636169433594 106
1708975430245 102.0724105834961 107
1708975432732 113.17869567871094 108
1708975435255 102.22193145751953 109
1708975437703 118.8114013671875 110
1708975440237 106.7509765625 111
1708975442687 117.26004791259766 112
1708975445111 137.62847900390625 113
1708975447495 114.50151062011719 114
1708975450018 102.26578521728516 115
1708975452528 99.94476318359375 116
1708975454940 103.08059692382812 117
1708975457486 75.15470886230469 118
1708975459868 87.1391372680664 119
1708975462284 93.23143768310547 120
1708975464659 137.6951141357422 121
1708975467111 86.27984619140625 122
1708975469522 128.00070190429688 123
1708975471965 113.22223663330078 124
1708975474420 107.85760498046875 125
1708975476798 190.8208770751953 126
1708975479350 154.7482452392578 127
1708975481728 177.3170623779297 128
1708975484065 85.05071258544922 129
1708975486428 101.68966674804688 130
1708975488851 101.73892974853516 131
1708975491285 91.13712310791016 132
1708975493670 98.5717544555664 133
1708975496018 89.97528076171875 134
1708975498544 118.50712585449219 135
1708975500966 93.94938659667969 136
1708975503366 124.93111419677734 137
1708975505768 86.76553344726562 138
1708975508150 139.8965606689453 139
1708975510798 94.57667541503906 140
1708975513332 167.5764923095703 141
1708975516765 108.85498046875 142
1708975520551 77.04155731201172 143
1708975522947 79.40650939941406 144
1708975525371 121.57669067382812 145
1708975527768 97.30520629882812 146
1708975530243 100.84893035888672 147
1708975532736 107.1524887084961 148
1708975535541 112.48281860351562 149
1708975538232 84.97870635986328 150
1708975540811 167.13739013671875 151
1708975543623 91.8006820678711 152
1708975546530 91.87579345703125 153
1708975549140 78.91268157958984 154
1708975551640 112.36701202392578 155
1708975554046 89.38024139404297 156
1708975556717 88.06251525878906 157
1708975559169 93.1891098022461 158
1708975561662 104.45838928222656 159
1708975564168 92.87088012695312 160
1708975566676 91.311767578125 161
1708975569027 102.82583618164062 162
1708975571514 79.95425415039062 163
1708975573967 86.0744400024414 164
1708975576414 88.92691040039062 165
1708975578878 77.08650970458984 166
1708975581350 97.52327728271484 167
1708975583721 81.97359466552734 168
1708975586001 94.7585220336914 169
1708975588486 91.68890380859375 170
1708975590988 110.9253921508789 171
1708975593382 144.0122528076172 172
1708975595826 106.06927490234375 173
1708975598383 110.322021484375 174
1708975600838 97.66619873046875 175
1708975603385 91.66779327392578 176
1708975605910 118.3980941772461 177
1708975608312 97.80862426757812 178
1708975610826 98.31272888183594 179
1708975613255 118.01842498779297 180
1708975615606 151.7630615234375 181
1708975617902 80.72791290283203 182
1708975620407 87.67636108398438 183
1708975622928 104.21322631835938 184
1708975625367 85.33290100097656 185
1708975627893 86.23368835449219 186
1708975630334 110.3366928100586 187
1708975632816 144.23179626464844 188
1708975635440 88.75301361083984 189
1708975637937 94.99156951904297 190
1708975640423 112.39588165283203 191
1708975642913 94.23698425292969 192
1708975645476 100.72640991210938 193
1708975647937 145.4939727783203 194
1708975650496 108.63278198242188 195
1708975652985 92.29862976074219 196
1708975655476 124.1767807006836 197
1708975657962 152.80108642578125 198
1708975660293 114.59489440917969 199
1708975662616 89.07396697998047 200
1708975665057 155.59547424316406 201
1708975667509 117.12193298339844 202
1708975670089 102.71672058105469 203
1708975672471 96.63060760498047 204
1708975674898 95.93010711669922 205
1708975677254 93.6402359008789 206
1708975679659 105.50420379638672 207
1708975682009 90.8517837524414 208
1708975684324 102.18470764160156 209
1708975686602 106.11542510986328 210
1708975688923 105.27002716064453 211
1708975691306 116.90789794921875 212
1708975693756 103.40502166748047 213
1708975696200 94.70233917236328 214
1708975698726 112.6371841430664 215
1708975701276 88.782958984375 216
1708975703674 114.50220489501953 217
1708975706040 103.46440124511719 218
1708975708522 101.10906982421875 219
1708975711038 94.16168212890625 220
1708975713530 91.40495300292969 221
1708975715907 96.89433288574219 222
1708975718356 106.42508697509766 223
1708975720882 98.62559509277344 224
1708975723348 175.98251342773438 225
1708975725763 88.36949157714844 226
1708975728226 92.93042755126953 227
1708975730803 97.63623046875 228
1708975733308 105.6191635131836 229
1708975735828 116.68251037597656 230
1708975738243 129.2432861328125 231
1708975740791 123.16436004638672 232
1708975743340 98.66117095947266 233
1708975745923 114.22512817382812 234
1708975748364 208.05052185058594 235
1708975750765 84.1267318725586 236
1708975753231 82.61507415771484 237
1708975755547 91.36622619628906 238
1708975757992 116.4406967163086 239
1708975760442 82.66303253173828 240
1708975763012 109.95989990234375 241
1708975765496 101.19092559814453 242
1708975768047 93.97034454345703 243
1708975770595 105.2175521850586 244
1708975773063 110.6326904296875 245
1708975775502 99.29222869873047 246
1708975777976 164.86068725585938 247
1708975780444 114.84664154052734 248
1708975782840 106.93052673339844 249
1708975785297 138.46636962890625 250
1708975787747 110.01187133789062 251
1708975790169 83.21701049804688 252
1708975792652 97.77936553955078 253
1708975795129 111.72454833984375 254
1708975797625 125.20736694335938 255
1708975799953 128.12933349609375 256
1708975802350 93.63048553466797 257
1708975804830 92.71568298339844 258
1708975807197 133.21771240234375 259
1708975809594 92.7016372680664 260
1708975811974 94.51560974121094 261
1708975814638 99.83985137939453 262
1708975817158 122.1908950805664 263
1708975820681 104.70691680908203 264
1708975824735 100.21062469482422 265
1708975827049 111.38296508789062 266
1708975829448 101.05690002441406 267
1708975831842 138.24252319335938 268
1708975834326 111.2182846069336 269
1708975836695 95.53300476074219 270
1708975839118 107.50861358642578 271
1708975841551 98.1988754272461 272
1708975844074 132.6647491455078 273
1708975846391 92.3133773803711 274
1708975848750 125.8355941772461 275
1708975851184 94.3108901977539 276
1708975853625 123.88829803466797 277
1708975856073 101.55972290039062 278
1708975858527 91.07830810546875 279
1708975860893 136.27899169921875 280
1708975863217 101.52250671386719 281
1708975865587 122.19563293457031 282
1708975868111 91.68151092529297 283
1708975870434 144.75157165527344 284
1708975872873 156.50888061523438 285
1708975875380 124.78372192382812 286
1708975877826 101.94857025146484 287
1708975880313 108.20038604736328 288
1708975882773 114.74724578857422 289
1708975885148 110.87223815917969 290
1708975887451 98.73526000976562 291
1708975889873 116.9367904663086 292
1708975892471 107.72818756103516 293
1708975894893 170.1115264892578 294
1708975897458 99.4619369506836 295
1708975899924 116.0401840209961 296
1708975902364 112.57764434814453 297
1708975904948 137.35116577148438 298
1708975907496 107.83576965332031 299
1708975910046 111.8756103515625 300
1708975912471 85.20897674560547 301
1708975915040 175.65321350097656 302
1708975917411 124.83721923828125 303
1708975919812 101.10255432128906 304
1708975923282 85.87648010253906 305
1708975925782 100.48506164550781 306
1708975928169 130.0712890625 307
1708975930819 94.8927230834961 308
1708975933506 98.04680633544922 309
1708975936000 109.41312408447266 310
1708975938526 110.535400390625 311
1708975941020 127.21224975585938 312
1708975943629 142.98419189453125 313
1708975946055 103.18303680419922 314
1708975948510 118.751953125 315
1708975950986 139.94525146484375 316
1708975953332 104.85380554199219 317
1708975955726 110.31990814208984 318
1708975958188 122.5660400390625 319
1708975960763 124.75680541992188 320
1708975963232 159.03451538085938 321
1708975965671 120.53303527832031 322
1708975968102 112.36922454833984 323
1708975970448 104.47212982177734 324
1708975972813 101.1921615600586 325
1708975975119 110.1674575805664 326
1708975977438 115.73200225830078 327
1708975979739 117.78295135498047 328
1708975982141 192.70425415039062 329
1708975984506 95.13056945800781 330
1708975986824 98.85355377197266 331
1708975989155 108.3534927368164 332
1708975991538 103.21106719970703 333
1708975993885 111.72401428222656 334
1708975996240 142.18753051757812 335
1708975998579 137.3330535888672 336
1708976000887 96.75738525390625 337
1708976003228 154.44570922851562 338
1708976005544 93.2750473022461 339
1708976007845 93.1211929321289 340
1708976010191 108.43144989013672 341
1708976012548 103.4944839477539 342
1708976014835 161.89244079589844 343
1708976017141 98.92252349853516 344
1708976019449 102.8675537109375 345
1708976021746 101.13638305664062 346
1708976024091 100.23382568359375 347
1708976026398 164.11219787597656 348
1708976028738 115.39278411865234 349
1708976031064 123.09215545654297 350
1708976033404 117.20800018310547 351
1708976035696 157.2086639404297 352
1708976037996 108.26039123535156 353
1708976040395 105.47935485839844 354
1708976042755 111.31755065917969 355
1708976045132 91.26068878173828 356
1708976047642 98.11128997802734 357
1708976050059 159.15008544921875 358
1708976052598 110.58737182617188 359
1708976055154 103.96392822265625 360
1708976057760 147.16336059570312 361
1708976060316 132.44309997558594 362
1708976062745 114.19623565673828 363
1708976065111 103.96221923828125 364
1708976067474 125.3192367553711 365
1708976069837 111.10652160644531 366
1708976072196 97.77708435058594 367
1708976074570 112.00117492675781 368
1708976077044 110.03026580810547 369
1708976079577 106.5537338256836 370
1708976082067 111.62548065185547 371
1708976084509 96.66751098632812 372
1708976086995 124.399169921875 373
1708976089386 114.63577270507812 374
1708976091780 98.15019989013672 375
1708976094266 127.13528442382812 376
1708976096760 147.49574279785156 377
1708976099342 118.6006851196289 378
1708976101737 114.51122283935547 379
1708976104237 100.94546508789062 380
1708976106729 120.28827667236328 381
1708976109300 126.0077896118164 382
1708976111722 121.98854064941406 383
1708976114244 129.4378204345703 384
1708976116754 154.26580810546875 385
1708976119137 100.23829650878906 386
1708976121509 120.7772216796875 387
1708976124094 109.62279510498047 388
1708976126652 94.58290100097656 389
1708976129194 129.32691955566406 390
1708976131604 94.97151947021484 391
1708976134060 162.21011352539062 392
1708976136450 115.20255279541016 393
1708976138839 92.43949890136719 394
1708976141259 153.00477600097656 395
1708976143710 128.09288024902344 396
1708976146283 114.9996566772461 397
1708976148970 114.43963623046875 398
1708976151558 112.0590591430664 399
1708976154048 150.26651000976562 400
1708976156500 128.89674377441406 401
1708976158897 119.23033142089844 402
1708976161283 106.48076629638672 403
1708976163612 141.3970947265625 404
1708976166099 103.3323974609375 405
1708976168611 168.7391357421875 406
1708976171027 84.11434173583984 407
1708976173445 120.30916595458984 408
1708976175855 113.81144714355469 409
1708976178384 102.0459976196289 410
1708976180982 119.06282806396484 411
1708976183447 173.14842224121094 412
1708976185944 108.28646850585938 413
1708976188490 156.65863037109375 414
1708976190897 142.43577575683594 415
1708976193276 100.91226196289062 416
1708976195683 90.20767211914062 417
1708976198096 119.1694564819336 418
1708976200464 121.72718048095703 419
1708976202895 101.6650619506836 420
1708976205304 113.19625854492188 421
1708976207744 119.24711608886719 422
1708976210180 96.25276184082031 423
1708976212542 103.10331726074219 424
1708976214989 120.0213623046875 425
1708976217473 140.70669555664062 426
1708976219965 108.53147888183594 427
1708976222384 178.97940063476562 428
1708976225029 105.34861755371094 429
1708976227508 107.37242889404297 430
1708976230225 159.42759704589844 431
1708976234871 169.21426391601562 432
1708976240890 90.52605438232422 433
1708976246740 169.82521057128906 434
1708976253117 106.57494354248047 435
1708976258276 107.95831298828125 436
1708976261018 96.44538879394531 437
1708976263373 122.40502166748047 438
1708976267158 116.04856872558594 439
1708976269511 111.12000274658203 440
1708976271875 97.98484802246094 441
1708976274205 117.84968566894531 442
1708976276549 108.87860870361328 443
1708976278886 218.3653564453125 444
1708976281267 121.07758331298828 445
1708976283614 112.3805923461914 446
1708976285945 115.10568237304688 447
1708976288376 105.96979522705078 448
1708976290807 107.61058044433594 449
1708976293295 118.04984283447266 450
1708976295743 137.7176513671875 451
1708976298223 115.1609878540039 452
1708976300638 110.32748413085938 453
1708976303131 129.20559692382812 454
1708976305581 107.94141387939453 455
1708976307945 99.41075897216797 456
1708976310418 133.24440002441406 457
1708976312977 171.01673889160156 458
1708976315444 149.46621704101562 459
1708976318207 131.23585510253906 460
1708976320721 99.78343200683594 461
1708976323107 130.59429931640625 462
1708976325536 134.60780334472656 463
1708976328120 104.15916442871094 464
1708976330624 122.2822036743164 465
1708976333097 125.81764221191406 466
1708976335551 116.73847961425781 467
1708976337845 127.0956802368164 468
1708976340287 141.77003479003906 469
1708976342760 102.6841812133789 470
1708976345256 150.773193359375 471
1708976347778 142.54275512695312 472
1708976350233 111.62397766113281 473
1708976352824 129.19815063476562 474
1708976355273 156.06173706054688 475
1708976357662 125.05754852294922 476
1708976360022 106.1834945678711 477
1708976362362 136.69845581054688 478
1708976364765 128.05836486816406 479
1708976367212 126.70332336425781 480
1708976369648 99.64972686767578 481
1708976371979 112.8556137084961 482
1708976374317 112.32283782958984 483
1708976376612 176.45977783203125 484
1708976378930 165.90069580078125 485
1708976381246 100.54905700683594 486
1708976383598 197.72219848632812 487
1708976385905 117.19900512695312 488
1708976388236 114.83885955810547 489
1708976390552 121.91471099853516 490
1708976392875 138.8761444091797 491
1708976395173 148.69216918945312 492
1708976397475 111.45389556884766 493
1708976399787 113.7403335571289 494
1708976402122 98.83830261230469 495
1708976404458 102.40402221679688 496
1708976406761 122.30609893798828 497
1708976409073 116.5223159790039 498
1708976411380 179.4263153076172 499
1708976419503 132.10877990722656 0
1708976421821 28.19898223876953 1
1708976424185 24.913000106811523 2
1708976426572 20.405920028686523 3
1708976428934 15.673087120056152 4
1708976431286 24.078588485717773 5
1708976433665 15.198203086853027 6
1708976436002 17.455169677734375 7
1708976438344 17.455663681030273 8
1708976440723 13.930012702941895 9
1708976443071 13.313215255737305 10
1708976445419 14.329506874084473 11
1708976447773 12.779825210571289 12
1708976450123 12.387468338012695 13
1708976452452 14.317915916442871 14
1708976454796 12.578282356262207 15
1708976457157 12.54509162902832 16
1708976459544 13.114276885986328 17
1708976462042 12.529400825500488 18
1708976464553 9.68549633026123 19
1708976466990 12.893874168395996 20
1708976469346 17.37433433532715 21
1708976471727 17.6124210357666 22
1708976474137 11.666882514953613 23
1708976476504 10.622849464416504 24
1708976478882 10.408601760864258 25
1708976481241 10.090882301330566 26
1708976483629 13.890645980834961 27
1708976485980 15.433533668518066 28
1708976488348 14.969514846801758 29
1708976490690 15.656839370727539 30
1708976493056 11.741646766662598 31
1708976495420 14.691072463989258 32
1708976497795 13.035082817077637 33
1708976500168 13.545194625854492 34
1708976502523 13.390839576721191 35
1708976504952 12.507761001586914 36
1708976507333 16.66063117980957 37
1708976509692 14.821157455444336 38
1708976512042 13.437124252319336 39
1708976514403 15.119317054748535 40
1708976516769 17.734167098999023 41
1708976519125 18.908531188964844 42
1708976521552 14.801526069641113 43
1708976524023 21.321582794189453 44
1708976526358 17.147308349609375 45
1708976528753 19.084056854248047 46
1708976531089 15.233044624328613 47
1708976533480 19.53670883178711 48
1708976535855 19.444374084472656 49
1708976538229 19.2525577545166 50
1708976540573 20.28277587890625 51
1708976542971 20.020763397216797 52
1708976545360 20.29098892211914 53
1708976547715 24.81011390686035 54
1708976550062 20.822797775268555 55
1708976552456 19.766828536987305 56
1708976554953 26.896188735961914 57
1708976557402 19.690196990966797 58
1708976559756 28.746583938598633 59
1708976562254 33.68751907348633 60
1708976564759 25.6868953704834 61
1708976567229 31.73122787475586 62
1708976569625 24.834095001220703 63
1708976571965 33.63969039916992 64
1708976574461 21.796791076660156 65
1708976576933 31.830121994018555 66
1708976579327 35.7497673034668 67
1708976581679 27.518169403076172 68
1708976584018 24.460718154907227 69
1708976586348 27.209550857543945 70
1708976588648 32.40517044067383 71
1708976591010 33.80439758300781 72
1708976593341 29.70319366455078 73
1708976595673 42.07598114013672 74
1708976598001 34.86840057373047 75
1708976600319 35.267574310302734 76
1708976602654 48.97926712036133 77
1708976604985 44.53907775878906 78
1708976607318 49.02198791503906 79
1708976609632 58.5155029296875 80
1708976611939 38.86515808105469 81
1708976614273 35.007389068603516 82
1708976616614 52.102996826171875 83
1708976618960 57.80085754394531 84
1708976621266 40.787330627441406 85
1708976623625 50.179500579833984 86
1708976625961 54.20661163330078 87
1708976628282 44.573089599609375 88
1708976630613 42.51789093017578 89
1708976632942 45.29485321044922 90
1708976635282 55.80821228027344 91
1708976637606 73.14244079589844 92
1708976639964 46.091060638427734 93
1708976642343 62.03192901611328 94
1708976644670 57.37678909301758 95
1708976646994 71.76935577392578 96
1708976649319 53.932743072509766 97
1708976651637 62.099891662597656 98
1708976653971 42.59619140625 99
1708976656292 64.98213958740234 100
1708976658608 69.55941009521484 101
1708976660919 45.73717498779297 102
1708976663244 55.83711624145508 103
1708976665582 63.249916076660156 104
1708976667919 62.637969970703125 105
1708976670288 62.80986022949219 106
1708976672596 57.80623245239258 107
1708976674915 53.10039520263672 108
1708976677236 51.79703903198242 109
1708976679566 62.14618682861328 110
1708976681888 62.75886154174805 111
1708976684220 58.94662094116211 112
1708976686554 66.62605285644531 113
1708976688870 49.07184600830078 114
1708976691202 47.030662536621094 115
1708976693533 51.02607345581055 116
1708976695862 79.97111511230469 117
1708976698182 60.09766387939453 118
1708976700565 53.296382904052734 119
1708976702947 40.69082260131836 120
1708976705273 46.562652587890625 121
1708976707591 54.124977111816406 122
1708976710044 49.38713073730469 123
1708976712312 56.665306091308594 124
1708976714542 60.56736373901367 125
1708976716754 44.91441345214844 126
1708976718974 56.208091735839844 127
1708976721191 42.05342102050781 128
1708976723425 66.38679504394531 129
1708976725652 57.565975189208984 130
1708976727911 48.509796142578125 131
1708976730160 57.22480010986328 132
1708976732374 46.68639373779297 133
1708976734591 46.878238677978516 134
1708976736802 56.439613342285156 135
1708976739020 71.2494888305664 136
1708976741226 71.33451080322266 137
1708976743507 58.94643020629883 138
1708976745726 53.91936111450195 139
1708976747952 50.25226974487305 140
1708976750158 49.42609786987305 141
1708976752372 41.521602630615234 142
1708976754588 41.7680549621582 143
1708976756807 52.120765686035156 144
1708976759019 50.84185791015625 145
1708976761231 55.46689987182617 146
1708976763448 58.769779205322266 147
1708976765673 53.7395133972168 148
1708976767887 54.35256576538086 149
1708976770624 45.73312759399414 150
1708976773107 48.84247589111328 151
1708976775479 57.725894927978516 152
1708976777802 48.99131774902344 153
1708976780122 59.1833381652832 154
1708976782448 53.04170227050781 155
1708976784791 51.36329650878906 156
1708976787123 58.39377212524414 157
1708976789453 55.33695983886719 158
1708976791783 44.57788848876953 159
1708976794113 50.039608001708984 160
1708976796426 56.179237365722656 161
1708976798758 55.763954162597656 162
1708976801093 54.70616912841797 163
1708976803454 50.995418548583984 164
1708976805779 51.402366638183594 165
1708976808106 61.322662353515625 166
1708976810437 58.97239303588867 167
1708976812755 45.039737701416016 168
1708976815076 55.20935821533203 169
1708976817401 58.328155517578125 170
1708976819743 73.70053100585938 171
1708976822096 44.08474349975586 172
1708976824411 53.97246170043945 173
1708976826727 48.68174743652344 174
1708976829055 46.37351989746094 175
1708976831374 55.042354583740234 176
1708976833724 56.26603698730469 177
1708976836038 54.45679473876953 178
1708976838371 71.74676513671875 179
1708976840699 50.97806930541992 180
1708976843018 54.26521682739258 181
1708976845362 62.08878707885742 182
1708976847679 59.440948486328125 183
1708976850002 66.26477813720703 184
1708976852308 66.09825897216797 185
1708976854624 77.0460433959961 186
1708976856933 64.89388275146484 187
1708976859251 54.95977020263672 188
1708976861554 79.02865600585938 189
1708976863904 57.68162155151367 190
1708976866225 55.17032241821289 191
1708976868531 57.211021423339844 192
1708976870855 53.840179443359375 193
1708976873171 63.62648391723633 194
1708976875490 66.5013198852539 195
1708976877792 48.39051818847656 196
1708976880104 64.02886962890625 197
1708976882438 48.45858383178711 198
1708976884794 55.531192779541016 199
1708976887116 56.92245101928711 200
1708976889450 72.16419982910156 201
1708976891757 61.11330795288086 202
1708976894146 63.72453308105469 203
1708976896516 70.3440933227539 204
1708976898862 61.125064849853516 205
1708976901191 60.04518127441406 206
1708976903576 61.563133239746094 207
1708976905833 61.16852569580078 208
1708976908047 70.14796447753906 209
1708976910245 68.94292449951172 210
1708976912444 64.68395233154297 211
1708976914648 85.42066955566406 212
1708976916908 56.42839050292969 213
1708976919115 56.31100082397461 214
1708976921338 73.03697204589844 215
1708976923539 59.255489349365234 216
1708976925748 53.49848937988281 217
1708976927957 50.84178161621094 218
1708976930166 66.29376220703125 219
1708976932364 58.97032928466797 220
1708976934563 61.46176528930664 221
1708976936781 49.837894439697266 222
1708976938990 57.0825309753418 223
1708976941183 74.26348876953125 224
1708976943380 57.470008850097656 225
1708976945621 56.76385498046875 226
1708976947839 58.39794921875 227
1708976950048 78.58470153808594 228
1708976952279 56.82155990600586 229
1708976954505 56.25306701660156 230
1708976956710 63.38855743408203 231
1708976958922 70.3572006225586 232
1708976961118 65.3709716796875 233
1708976963320 53.64216613769531 234
1708976965526 88.69184875488281 235
1708976967724 57.023277282714844 236
1708976969929 72.2577896118164 237
1708976972129 74.764404296875 238
1708976974335 59.957611083984375 239
1708976976582 60.395172119140625 240
1708976978786 63.432167053222656 241
1708976980989 70.41844177246094 242
1708976983180 59.02722930908203 243
1708976985411 62.53626251220703 244
1708976987607 71.84333801269531 245
1708976989814 62.893348693847656 246
1708976992006 52.54951095581055 247
1708976994209 56.198028564453125 248
1708976996407 67.69125366210938 249
1708976998611 54.88056945800781 250
1708977000811 68.68930053710938 251
1708977003016 72.96639251708984 252
1708977005255 69.02188110351562 253
1708977007447 53.08643341064453 254
1708977009642 68.78195190429688 255
1708977011839 64.84211730957031 256
1708977014055 55.80054473876953 257
1708977016248 61.114742279052734 258
1708977018447 66.39765930175781 259
1708977020650 57.50651168823242 260
1708977022868 58.16267013549805 261
1708977025072 54.03564453125 262
1708977027270 58.42969512939453 263
1708977029472 75.37853240966797 264
1708977031675 54.81095886230469 265
1708977033887 73.72254180908203 266
1708977036322 57.525089263916016 267
1708977038559 64.38585662841797 268
1708977040751 77.97584533691406 269
1708977042943 78.8580093383789 270
1708977045139 57.57423782348633 271
1708977047330 74.70140838623047 272
1708977049536 58.47567367553711 273
1708977051738 73.46469116210938 274
1708977053931 67.38595581054688 275
1708977056123 75.93556213378906 276
1708977058308 57.73450469970703 277
1708977060519 79.81353759765625 278
1708977062727 68.70159149169922 279
1708977064938 81.85810852050781 280
1708977067143 61.721561431884766 281
1708977069343 64.22843933105469 282
1708977071555 57.67481994628906 283
1708977073776 70.33975982666016 284
1708977075974 80.53323364257812 285
1708977078168 53.77251434326172 286
1708977080357 61.02687072753906 287
1708977082554 71.67938995361328 288
1708977084760 62.64842987060547 289
1708977086952 73.41152954101562 290
1708977089145 59.91028594970703 291
1708977091355 63.72884750366211 292
1708977093551 69.19640350341797 293
1708977095790 65.5008773803711 294
1708977097997 62.40880584716797 295
1708977100188 74.4317398071289 296
1708977102396 74.78190612792969 297
1708977104595 76.93719482421875 298
1708977106800 60.90949249267578 299
1708977108999 54.596923828125 300
1708977111193 64.32612609863281 301
1708977113447 82.1484603881836 302
1708977115640 63.70063781738281 303
1708977117826 76.5491714477539 304
1708977120023 66.87653350830078 305
1708977122218 63.030582427978516 306
1708977124411 59.30392074584961 307
1708977126606 57.873870849609375 308
1708977128799 84.87708282470703 309
1708977131010 64.72657012939453 310
1708977133217 77.83928680419922 311
1708977135434 66.63175964355469 312
1708977137624 69.1428451538086 313
1708977139825 50.887996673583984 314
1708977142035 75.04743194580078 315
1708977144269 60.86370849609375 316
1708977146467 64.52173614501953 317
1708977148668 79.72901916503906 318
1708977150863 65.71188354492188 319
1708977153065 64.36219787597656 320
1708977155263 73.8221435546875 321
1708977157476 71.6753158569336 322
1708977159680 55.946475982666016 323
1708977161889 59.504005432128906 324
1708977164087 62.681888580322266 325
1708977166284 70.67781066894531 326
1708977168487 63.094512939453125 327
1708977170677 60.591365814208984 328
1708977172905 62.51049041748047 329
1708977175115 72.60016632080078 330
1708977177320 62.507389068603516 331
1708977179523 70.43867492675781 332
1708977181733 66.93851470947266 333
1708977183929 75.94538116455078 334
1708977186117 68.44808959960938 335
1708977188322 57.889122009277344 336
1708977190521 86.16352844238281 337
1708977192721 59.10903549194336 338
1708977194923 54.508419036865234 339
1708977197122 69.92427825927734 340
1708977199328 66.58724975585938 341
1708977201527 65.2347412109375 342
1708977203765 67.65899658203125 343
1708977205969 71.42611694335938 344
1708977208164 73.96435546875 345
1708977210353 75.73542022705078 346
1708977212559 65.82376098632812 347
1708977214780 81.0452651977539 348
1708977216979 62.67839813232422 349
1708977219242 60.762298583984375 350
1708977221440 61.03678894042969 351
1708977223636 68.98568725585938 352
1708977225828 82.84158325195312 353
1708977228030 70.00597381591797 354
1708977230249 59.51923751831055 355
1708977232456 80.87649536132812 356
1708977234680 66.83675384521484 357
1708977236876 70.25559997558594 358
1708977239074 62.15867614746094 359
1708977241287 62.104408264160156 360
1708977243475 78.20453643798828 361
1708977245671 61.719120025634766 362
1708977247867 83.7081298828125 363
1708977250101 64.55299377441406 364
1708977252309 72.19295501708984 365
1708977254545 71.42337799072266 366
1708977256738 71.7427978515625 367
1708977258937 72.3090591430664 368
1708977261126 56.37039566040039 369
1708977263321 75.38953399658203 370
1708977265523 59.356773376464844 371
1708977267706 56.04517364501953 372
1708977269899 56.04055404663086 373
1708977272092 67.15032958984375 374
1708977274276 65.05548858642578 375
1708977276464 71.33683013916016 376
1708977278686 54.436195373535156 377
1708977280887 71.03499603271484 378
1708977283078 78.11576843261719 379
1708977285260 65.32565307617188 380
1708977287472 82.8530044555664 381
1708977289669 66.50143432617188 382
1708977291861 59.446876525878906 383
1708977294057 63.6175422668457 384
1708977296256 67.82167053222656 385
1708977298449 68.83152770996094 386
1708977300643 59.372928619384766 387
1708977302848 63.813194274902344 388
1708977305052 61.18770217895508 389
1708977307274 68.44684600830078 390
1708977309510 69.62232208251953 391
1708977311733 73.14432525634766 392
1708977313945 72.01899719238281 393
1708977316138 63.45171356201172 394
1708977318328 63.38200759887695 395
1708977320520 74.4793930053711 396
1708977322729 52.30052185058594 397
1708977324925 55.120155334472656 398
1708977327117 89.5842056274414 399
1708977329318 73.41228485107422 400
1708977331517 69.44827270507812 401
1708977333709 62.19947814941406 402
1708977335911 55.77684020996094 403
1708977338131 61.40886306762695 404
1708977340363 63.752479553222656 405
1708977342568 68.50846099853516 406
1708977344814 61.227901458740234 407
1708977347009 68.84648132324219 408
1708977349208 88.8031005859375 409
1708977351397 73.31999206542969 410
1708977353601 99.15003967285156 411
1708977355793 69.94941711425781 412
1708977357989 61.257240295410156 413
1708977360183 69.20906066894531 414
1708977362390 59.733421325683594 415
1708977364590 72.89413452148438 416
1708977366790 92.40374755859375 417
1708977369020 64.83863830566406 418
1708977371219 81.65060424804688 419
1708977373431 70.90306854248047 420
1708977375626 64.64408111572266 421
1708977377823 58.0221061706543 422
1708977380016 58.255455017089844 423
1708977382211 60.213626861572266 424
1708977384421 62.54057693481445 425
1708977386624 67.9700927734375 426
1708977388829 65.68241882324219 427
1708977391050 63.830570220947266 428
1708977393256 63.13786315917969 429
1708977395450 80.6371841430664 430
1708977397643 78.1373062133789 431
1708977399875 62.08728790283203 432
1708977402072 57.39453125 433
1708977404273 69.48836517333984 434
1708977406472 81.50028228759766 435
1708977408672 65.16622161865234 436
1708977410874 86.99913024902344 437
1708977413076 63.08913040161133 438
1708977415278 66.92131042480469 439
1708977417492 64.13928985595703 440
1708977419695 57.25477600097656 441
1708977421905 65.59532165527344 442
1708977424156 77.93146514892578 443
1708977426356 73.11677551269531 444
1708977428558 60.891151428222656 445
1708977430749 73.19168853759766 446
1708977432955 58.14274215698242 447
1708977435170 67.03675079345703 448
1708977437369 63.08329772949219 449
1708977439566 65.89798736572266 450
1708977441774 69.7007064819336 451
1708977443987 59.82670593261719 452
1708977446181 66.42894744873047 453
1708977448384 57.152652740478516 454
1708977450579 67.1392822265625 455
1708977452777 67.10603332519531 456
1708977455002 53.89935302734375 457
1708977457201 63.50300598144531 458
1708977459397 68.03890228271484 459
1708977461592 58.5515251159668 460
1708977463789 64.36522674560547 461
1708977465976 72.31645202636719 462
1708977468186 64.22511291503906 463
1708977470385 74.17456817626953 464
1708977472580 64.58765411376953 465
1708977474767 61.442527770996094 466
1708977476969 62.44343566894531 467
1708977479166 75.59236145019531 468
1708977481365 66.62751770019531 469
1708977483591 65.3306655883789 470
1708977485798 56.812347412109375 471
1708977488004 61.29300308227539 472
1708977490200 78.0889663696289 473
1708977492403 65.10653686523438 474
1708977494619 60.826622009277344 475
1708977496816 68.64360809326172 476
1708977499014 47.54981231689453 477
1708977501203 74.25592041015625 478
1708977503410 71.00492858886719 479
1708977505603 62.79680252075195 480
1708977507796 68.681396484375 481
1708977509990 79.75325775146484 482
1708977512187 69.11190032958984 483
1708977514420 60.30288314819336 484
1708977516616 72.07357025146484 485
1708977518840 81.87007904052734 486
1708977521037 79.98371887207031 487
1708977523234 57.06325912475586 488
1708977525431 66.47102355957031 489
1708977527629 65.13499450683594 490
1708977529825 65.55254364013672 491
1708977532035 75.8663101196289 492
1708977534227 71.23973846435547 493
1708977536412 64.01620483398438 494
1708977538611 66.46524047851562 495
1708977540800 62.555667877197266 496
1708977542992 64.44441986083984 497
1708977545222 70.6778335571289 498
1708977547404 58.320377349853516 499
